255
510
765
1020
1275
1275
1275
1275
1275
1275
1275
1275
1275
1275
1275
1275
1275
1275
1275
1275
1020
765
510
255
510
1020
1530
2040
2550
2550
2550
2550
2550
2550
2550
2550
2550
2550
2550
2550
2550
2550
2550
2550
2040
1530
1020
510
765
1530
2295
3060
3825
3825
3825
3825
3825
3825
3825
3825
3825
3825
3825
3825
3825
3825
3825
3825
3060
2295
1530
765
1020
2040
3060
4080
5100
5100
5100
5100
5100
5100
5100
5100
5100
5100
5100
5100
5100
5100
5100
5100
4080
3060
2040
1020
1275
2550
3825
5100
6375
6375
6375
6375
6375
6375
6375
6375
6375
6375
6375
6375
6375
6375
6375
6375
5100
3825
2550
1275
1275
2550
3825
5100
6375
6375
6375
6375
6375
6375
6375
6375
6375
6375
6375
6375
6375
6375
6375
6375
5100
3825
2550
1275
1275
2550
3825
5100
6375
6375
6375
6375
6375
6375
6375
6375
6375
6375
6375
6375
6375
6375
6375
6375
5100
3825
2550
1275
1275
2550
3825
5100
6375
6375
6375
6375
6375
6375
6375
6375
6375
6375
6375
6375
6375
6375
6375
6375
5100
3825
2550
1275
1275
2550
3825
5100
6375
6375
6375
6375
6375
6375
6375
6375
6375
6375
6375
6375
6375
6375
6375
6375
5100
3825
2550
1275
1275
2550
3825
5100
6375
6375
6375
6375
6375
6375
6375
6375
6375
6375
6375
6375
6375
6375
6375
6375
5100
3825
2550
1275
1275
2550
3825
5100
6375
6375
6375
6375
6375
6375
6375
6375
6375
6375
6375
6375
6375
6375
6375
6375
5100
3825
2550
1275
1275
2550
3825
5100
6375
6375
6375
6375
6375
6375
6375
6375
6375
6375
6375
6375
6375
6375
6375
6375
5100
3825
2550
1275
1275
2550
3825
5100
6375
6375
6375
6375
6375
6375
6375
6375
6375
6375
6375
6375
6375
6375
6375
6375
5100
3825
2550
1275
1275
2550
3825
5100
6375
6375
6375
6375
6375
6375
6375
6375
6375
6375
6375
6375
6375
6375
6375
6375
5100
3825
2550
1275
1275
2550
3825
5100
6375
6375
6375
6375
6375
6375
6375
6375
6375
6375
6375
6375
6375
6375
6375
6375
5100
3825
2550
1275
1275
2550
3825
5100
6375
6375
6375
6375
6375
6375
6375
6375
6375
6375
6375
6375
6375
6375
6375
6375
5100
3825
2550
1275
1275
2550
3825
5100
6375
6375
6375
6375
6375
6375
6375
6375
6375
6375
6375
6375
6375
6375
6375
6375
5100
3825
2550
1275
1275
2550
3825
5100
6375
6375
6375
6375
6375
6375
6375
6375
6375
6375
6375
6375
6375
6375
6375
6375
5100
3825
2550
1275
1275
2550
3825
5100
6375
6375
6375
6375
6375
6375
6375
6375
6375
6375
6375
6375
6375
6375
6375
6375
5100
3825
2550
1275
1275
2550
3825
5100
6375
6375
6375
6375
6375
6375
6375
6375
6375
6375
6375
6375
6375
6375
6375
6375
5100
3825
2550
1275
1020
2040
3060
4080
5100
5100
5100
5100
5100
5100
5100
5100
5100
5100
5100
5100
5100
5100
5100
5100
4080
3060
2040
1020
765
1530
2295
3060
3825
3825
3825
3825
3825
3825
3825
3825
3825
3825
3825
3825
3825
3825
3825
3825
3060
2295
1530
765
510
1020
1530
2040
2550
2550
2550
2550
2550
2550
2550
2550
2550
2550
2550
2550
2550
2550
2550
2550
2040
1530
1020
510
255
510
765
1020
1275
1275
1275
1275
1275
1275
1275
1275
1275
1275
1275
1275
1275
1275
1275
1275
1020
765
510
255
